before wh:  1914
after wh:  (18312, 2)
hey.shape:  (18312, 1)

k: [[    0.27529     0.49476]
 [     6.3869      4.5308]
 [     2.1365      4.2861]
 [    0.40276     0.93097]
 [     0.8843      0.6459]
 [    0.67964      1.5947]
 [     1.1548      2.6614]
 [     1.8346      1.2094]
 [     3.6177      2.4182]]
k*s:  [[      6.572      12.498]
 [     152.48      114.45]
 [     51.006      108.27]
 [     9.6153      23.516]
 [     21.111      16.315]
 [     16.225      40.282]
 [     27.568      67.226]
 [     43.798       30.55]
 [     86.367      61.084]]


iou:  tensor([[0.53957, 0.68743, 0.34757,  ..., 0.02821, 0.02600, 0.00833],
        [0.82528, 0.44945, 0.27221,  ..., 0.01845, 0.01700, 0.00545],
        [0.44281, 0.83764, 0.39612,  ..., 0.03438, 0.03168, 0.01015],
        ...,
        [0.02752, 0.07419, 0.12250,  ..., 0.41300, 0.50970, 0.16336],
        [0.01497, 0.04035, 0.06662,  ..., 0.50963, 0.74923, 0.30036],
        [0.00292, 0.00786, 0.01298,  ..., 0.19156, 0.20790, 0.64870]])

iou.shape: [N,M] = [18311,9]
iou.max(1):  torch.return_types.max(
values=tensor([0.69638, 0.82136, 0.84855,  ..., 0.52696, 0.74922, 0.63548]),
indices=tensor([1, 0, 1,  ..., 7, 7, 8]))

max_iou:  tensor([0.68743, 0.82528, 0.83764,  ..., 0.50970, 0.74923, 0.64870])