wh1: tensor([[  8.04661,  19.22655],
        [  7.26158,  13.92944],
        [  9.42042,  20.01131],
        ...,
        [ 61.74274,  49.12863],
        [ 75.68465,  73.69295],
        [217.75934, 131.45227]])
wh2:tensor([[  6.72138,  12.35436],
        [  9.48395,  23.10418],
        [ 22.38404,  17.03718],
        [ 15.96181,  39.66287],
        [ 46.18840,  32.10801],
        [ 27.34800,  66.52985],
        [ 50.47791, 107.80758],
        [ 91.21672,  65.21076],
        [157.00365, 118.05212]])
torch.min(wh1, wh2): tensor( # 1 x 9 x 18311
		[[[  6.75604,  12.51210],
         [  8.04661,  19.22655],
         [  8.04661,  17.09553],
         ...,
         [  8.04661,  19.22655],
         [  8.04661,  19.22655],
         [  8.04661,  19.22655]],

        [[  6.75604,  12.51210],
         [  7.26158,  13.92944],
         [  7.26158,  13.92944],
         ...,
         [  7.26158,  13.92944],
         [  7.26158,  13.92944],
         [  7.26158,  13.92944]],

        [[  6.75604,  12.51210],
         [  9.42042,  20.01131],
         [  9.42042,  17.09553],
         ...,
         [  9.42042,  20.01131],
         [  9.42042,  20.01131],
         [  9.42042,  20.01131]],

        ...,

        [[  6.75604,  12.51210],
         [  9.69025,  23.68554],
         [ 22.43078,  17.09553],
         ...,
         [ 51.16923,  49.12863],
         [ 61.74274,  49.12863],
         [ 61.74274,  49.12863]],

        [[  6.75604,  12.51210],
         [  9.69025,  23.68554],
         [ 22.43078,  17.09553],
         ...,
         [ 51.16923,  73.69295],
         [ 75.68465,  65.48232],
         [ 75.68465,  73.69295]],

        [[  6.75604,  12.51210],
         [  9.69025,  23.68554],
         [ 22.43078,  17.09553],
         ...,
         [ 51.16923, 108.95094],
         [ 91.41708,  65.48232],
         [157.62651, 118.08157]]])
after .prod(2): tensor(
		[[   84.53227,   154.70862,   137.56111,  ...,   154.70862,   154.70862,   154.70862],
        [   84.53227,   101.14971,   101.14971,  ...,   101.14971,   101.14971,   101.14971],
        [   84.53227,   188.51501,   161.04713,  ...,   188.51501,   188.51501,   188.51501],
        ...,
        [   84.53227,   229.51889,   383.46613,  ...,  2513.87427,  3033.33643,  3033.33643],
        [   84.53227,   229.51889,   383.46613,  ...,  3770.81152,  4956.00586,  5577.42480],
        [   84.53227,   229.51889,   383.46613,  ...,  5574.93604,  5986.20166, 18612.78516]])


		
wh1.prod(2) type: torch.FloatTensor / tensor(
		[[  154.70862],
        [  101.14971],
        [  188.51501],
        ...,
        [ 3033.33643],
        [ 5577.42480],
        [28624.95898]])
wh2.prod(2) type: torch.FloatTensor / tensor(
		[[   83.22148,   222.41399,   375.83600,   648.86951,  1454.00854,  1863.58691,  5500.64209,  5849.60840, 18413.78516]])
wh1.prod(2) + wh2.prod(2) type: torch.FloatTensor / tensor(
		[[  237.93010,   377.12262,   530.54462,  ...,  5655.35059,  6004.31689, 18568.49414],
        [  184.37119,   323.56369,   476.98572,  ...,  5601.79199,  5950.75830, 18514.93555],
        [  271.73651,   410.92902,   564.35101,  ...,  5689.15723,  6038.12354, 18602.30078],
        ...,
        [ 3116.55786,  3255.75049,  3409.17236,  ...,  8533.97852,  8882.94531, 21447.12109],
        [ 5660.64648,  5799.83887,  5953.26074,  ..., 11078.06641, 11427.03320, 23991.21094],
        [28708.17969, 28847.37305, 29000.79492,  ..., 34125.60156, 34474.56641, 47038.74219]])